[printer:DeltiQ M]
inherits = *DeltiQ*
printer_variant = 0.4
bed_shape = 89.507x9.40756,88.0333x18.7121,85.5951x27.8115,82.2191x36.6063,77.9423x45,72.8115x52.9007,66.883x60.2218,60.2218x66.883,52.9007x72.8115,45x77.9423,36.6063x82.2191,27.8115x85.5951,18.7121x88.0333,9.40756x89.507,2.54949e-014x90,-9.40756x89.507,-18.7121x88.0333,-27.8115x85.5951,-36.6063x82.2191,-45x77.9423,-52.9007x72.8115,-60.2218x66.883,-66.883x60.2218,-72.8115x52.9007,-77.9423x45,-82.2191x36.6063,-85.5951x27.8115,-88.0333x18.7121,-89.507x9.40756,-90x5.09899e-014,-89.507x-9.40756,-88.0333x-18.7121,-85.5951x-27.8115,-82.2191x-36.6063,-77.9423x-45,-72.8115x-52.9007,-66.883x-60.2218,-60.2218x-66.883,-52.9007x-72.8115,-45x-77.9423,-36.6063x-82.2191,-27.8115x-85.5951,-18.7121x-88.0333,-9.40756x-89.507,-1.65327e-014x-90,9.40756x-89.507,18.7121x-88.0333,27.8115x-85.5951,36.6063x-82.2191,45x-77.9423,52.9007x-72.8115,60.2218x-66.883,66.883x-60.2218,72.8115x-52.9007,77.9423x-45,82.2191x-36.6063,85.5951x-27.8115,88.0333x-18.7121,89.507x-9.40756,90x-1.0198e-013
max_print_height = 230
printer_model = DQM
retract_length = 3.7
retract_length_toolchange = 10
retract_speed = 30
start_gcode = ;START\nM220 S100 ; Set feedmultiply back to 100percent\nG90 ; Absolute positioning\nM83 ; Relative extruder\nM107 ; Layer fan OFF\nM190 S[first_layer_bed_temperature] ; Set bed temperature and wait\nM104 S[first_layer_temperature] ; Set extruder temperature\nG28 ; Home all axes\nG33 ; auto leveling rutine\nG1 X-45 Y-77 Z0.3 F6000 ; Go to purge position start\nG92 E0 ; Zero extruder\nM109 S[first_layer_temperature] ; Set Extruder Temperature and Wait\nG3 X45 Y-77 I45 J77 E10 F200 ; Go ARC to purge end\nG92 E0 ; Zero extruder

