[filament:*ABS*]
inherits = *common*
bed_temperature = 110
bridge_fan_speed = 65
chamber_minimal_temperature = 40
chamber_temperature = 55
cooling = 1
cooling_perimeter_transition_distance = 10
cooling_slowdown_logic = consistent_surface
disable_fan_first_layers = 1
extrusion_multiplier = 0.93
fan_always_on = 1
fan_below_layer_time = 0
filament_density = 1.04
filament_max_volumetric_speed = 15
filament_ramming_parameters = "120 100 5.70968 6.03226 7 8.25806 9 9.19355 9.3871 9.77419 10.129 10.3226 10.4516 10.5161| 0.05 5.69677 0.45 6.15484 0.95 8.76774 1.45 9.20323 1.95 9.95806 2.45 10.3871 2.95 10.5677 3.45 7.6 3.95 7.6 4.45 7.6 4.95 7.6"
filament_type = ABS
first_layer_bed_temperature = 110
first_layer_temperature = 265
full_fan_speed_layer = 0
max_fan_speed = 65
min_fan_speed = 65
min_print_speed = 10
slowdown_below_layer_time = 5
temperature = 265

