[filament:*ABS MMU2*]
inherits = Prusa ABS
compatible_printers_condition = nozzle_diameter[0]!=0.8 and nozzle_diameter[0]!=0.25 and printer_notes=~/.*PRINTER_VENDOR_PRUSA3D.*/ and printer_notes=~/.*PRINTER_MODEL_MK(2.5|3).*/ and single_extruder_multi_material
filament_cooling_final_speed = 50 
filament_cooling_initial_speed = 10
filament_cooling_moves = 5
filament_ramming_parameters = "120 110 5.32258 5.45161 5.67742 6 6.48387 7.12903 7.90323 8.70968 9.3871 9.83871 10.0968 10.2258| 0.05 5.30967 0.45 5.50967 0.95 6.1871 1.45 7.39677 1.95 9.05484 2.45 10 2.95 10.3098 3.45 13.0839 3.95 7.6 4.45 7.6 4.95 7.6";
filament_loading_speed_start = 19
filament_load_time = 15
filament_unload_time = 12
filament_loading_speed = 14
filament_unloading_speed = 20

