[filament:Generic HIPS @MMU]
inherits = *ABS MMU2*
renamed_from = "Generic HIPS @MMU2"
filament_vendor = Generic
filament_cost = 27.3
filament_density = 1.04
fan_always_on = 1
first_layer_temperature = 230
first_layer_bed_temperature = 100
temperature = 230
bed_temperature = 110
cooling = 1
min_fan_speed = 20
max_fan_speed = 20
bridge_fan_speed = 50
min_print_speed = 15
slowdown_below_layer_time = 20
disable_fan_first_layers = 3
filament_cooling_final_speed = 2 
filament_cooling_initial_speed = 3
filament_cooling_moves = 1
filament_type = HIPS
filament_soluble = 1
filament_colour = #FFFFD7
filament_ramming_parameters = "130 120 2.74194 2.96774 3.25806 3.77419 4.83871 6.3871 8.09677 9.64516 10.7419 11.2903| 0.05 2.66451 0.45 3.05805 0.95 4.05807 1.45 7.13871 1.95 10.2806 2.45 11.4194 2.95 11.342 3.45 11.4065 3.95 7.6 4.45 7.6 4.95 7.6"

